run_1/frame00000.jpg
37 (220.0270, 122.8919)
36 (297.8333, 394.5000)
39 (312.3077, 215.8205)
31 (433.7742, 375.4839)
32 (475.5000,  44.5000)
31 (525.2903, 443.2903)
35 (632.7714, 154.5714)

run_1/frame00001.jpg
29 (214.7241,  82.8276)
36 (223.6111, 116.6667)
42 (260.2381, 234.8571)
35 (266.0286, 315.7143)
31 (286.5806, 355.4516)
37 (299.0541, 399.1351)
35 (310.5143, 214.6000)
31 (370.9355, 365.4194)
28 (393.5000, 144.2143)
27 (431.2593, 380.4074)
36 (477.8611,  49.3889)
38 (521.7105, 445.8421)
35 (588.5714, 402.1143)

run_1/frame00002.jpg
31 (210.8710,  80.0645)
43 (224.4884, 113.6512)
40 (255.8500, 237.2250)
42 (262.8095, 319.2619)
38 (292.8421, 357.2105)
39 (309.8718, 219.1282)
33 (393.6364, 142.6667)
36 (480.8611,  45.6111)
35 (523.6286, 448.4286)

run_1/frame00003.jpg
39 (212.1026,  80.6410)
38 (224.4211, 118.6579)
42 (262.0952, 324.0714)
38 (264.6316, 236.9211)
36 (287.0556, 355.7500)
27 (300.9630, 402.7778)
41 (304.2927, 218.0732)
33 (396.4242, 143.4242)
40 (474.4000,  48.4000)
35 (524.2286, 452.4286)
32 (587.8125, 396.2813)
26 (631.6923, 156.5000)

run_1/frame00004.jpg
37 (220.4054,  78.5135)
39 (222.5897, 114.0000)
40 (258.6750, 326.0250)
42 (260.0000, 239.6667)
36 (301.5000, 224.6944)
32 (374.5000, 361.5000)
44 (474.1364,  49.0909)
34 (513.1765, 450.4412)
28 (588.3571, 398.5357)
36 (630.2222, 153.6667)

run_1/frame00005.jpg
41 (218.4634,  79.2439)
40 (223.1500, 112.6750)
40 (256.8250, 244.2250)
38 (302.5526, 224.0789)
39 (376.4359, 360.9231)
46 (474.5217,  51.0217)
38 (516.0789, 449.3684)
32 (591.0313, 400.5625)
32 (633.5000, 153.8750)

run_1/frame00006.jpg
42 (213.9524,  81.0714)
42 (226.2619, 112.8095)
42 (254.1190, 247.8810)
39 (281.1538, 359.1795)
40 (302.8250, 218.9500)
37 (373.1622, 356.5946)
42 (477.6905,  47.9286)
35 (521.1714, 446.0000)
38 (588.9474, 395.9211)
32 (635.5000, 156.5000)

run_1/frame00007.jpg
43 (210.3488,  80.8140)
47 (229.7660, 113.5745)
40 (253.8500, 248.7750)
42 (279.8095, 354.4048)
39 (304.4359, 223.9231)
38 (368.9211, 359.9474)
45 (479.5778,  46.0444)
26 (520.3077, 453.5000)
31 (586.0000, 392.0000)

run_1/frame00008.jpg
41 (211.5122,  79.8293)
43 (236.9767, 121.5814)
38 (252.1579, 252.2105)
41 (284.8537, 354.1463)
26 (303.1154, 218.3462)
41 (366.8780, 366.0244)
41 (481.6098,  44.9024)
29 (522.4138, 453.7241)
28 (580.5357, 392.0000)

run_1/frame00009.jpg
38 (210.0263,  74.7895)
46 (233.4130, 127.3478)
35 (258.0000, 249.8286)
29 (287.1379, 355.4138)
37 (302.0270, 215.8919)
30 (360.2000, 373.6667)
51 (488.3529,  43.0784)
36 (523.3889, 458.8611)

run_1/frame00010.jpg
27 (209.0741,  73.4074)
47 (232.2340, 122.5532)
34 (255.4118, 255.3235)
43 (285.3721, 358.4651)
35 (367.4286, 375.7714)
34 (490.4118,  44.3235)
38 (517.9474, 462.9211)
33 (579.0909, 394.3030)

run_1/frame00011.jpg
41 (231.2195, 127.2195)
36 (255.3889, 257.1389)
33 (280.5455, 357.4242)
27 (297.2593, 213.4074)
38 (365.6842, 374.8158)
45 (492.9556,  44.8000)
26 (577.2308, 394.6923)

run_1/frame00012.jpg
40 (236.0750, 131.8000)
26 (249.8846, 321.3077)
36 (301.6111, 215.8611)
37 (368.7568, 379.5946)
38 (488.6842,  46.8158)

run_1/frame00013.jpg
36 (212.3889,  83.1389)
38 (229.2895, 131.7632)
33 (241.4848, 317.0909)
26 (279.6154, 359.0769)
40 (294.9500, 226.0750)
36 (371.1667, 382.5000)
36 (484.9722,  53.9167)

run_1/frame00014.jpg
35 (215.8571,  84.7714)
35 (235.2286, 130.4286)
33 (234.4848, 323.6061)
41 (277.7317, 356.0976)
35 (291.7714, 227.5714)
37 (371.0270, 383.8919)
34 (404.0000, 145.2647)
37 (480.1622,  56.9189)

run_1/frame00015.jpg
36 ( 49.4167, 365.0000)
40 (217.8500,  76.1750)
33 (230.4242, 324.4242)
34 (237.0000, 131.2647)
47 (275.3191, 355.4255)
28 (288.5000, 226.5000)
35 (367.0571, 383.2857)
28 (396.7857, 147.5000)
37 (478.2973,  59.4054)
28 (582.9286, 384.7143)

run_1/frame00016.jpg
35 ( 52.4286, 364.2286)
38 (223.0789,  77.8158)
40 (234.9000, 321.3500)
33 (238.8182, 124.1818)
41 (275.8537, 358.1463)
26 (289.1923, 221.1923)
37 (366.1622, 384.0270)
32 (397.7500, 143.9063)
27 (480.4074,  54.2593)
31 (514.4516, 462.4194)

run_1/frame00017.jpg
33 ( 52.5758, 364.5758)
38 (226.9474,  69.9211)
43 (235.8837, 321.1163)
44 (275.6591, 365.6591)
38 (286.6842, 223.1842)
25 (366.0400, 379.4000)
28 (394.3929, 145.8214)
27 (481.4444,  52.5926)
35 (511.9143, 459.4571)

run_1/frame00018.jpg
33 ( 49.4242, 364.5758)
32 (227.3438,  72.4688)
41 (232.7561, 317.0000)
33 (243.1818, 123.2424)
40 (275.3500, 366.9250)
34 (286.8529, 225.3824)
37 (364.9189, 374.1622)
25 (394.2400, 145.8000)
42 (482.3095,  59.7381)

run_1/frame00019.jpg
38 ( 51.9474, 363.9211)
38 (227.7895,  77.8947)
41 (233.9756, 315.5854)
46 (241.7174, 127.1739)
35 (276.7714, 372.5714)
37 (360.4595, 370.9189)
39 (483.8718,  56.1282)

run_1/frame00020.jpg
34 ( 51.9118, 357.2059)
32 (218.6563,  78.5313)
32 (234.5000, 314.0000)
44 (245.7955, 123.2500)
33 (278.6970, 368.7576)
41 (360.0000, 362.7561)
39 (485.0769,  53.5385)
30 (497.6667, 246.5000)

run_1/frame00021.jpg
37 ( 52.5946, 363.1622)
40 (225.9500,  78.9250)
30 (240.6333, 316.3667)
43 (242.1163, 120.6047)
38 (275.8947, 369.7895)
35 (289.8857, 222.1143)
41 (355.9024, 366.2683)
29 (399.4483, 139.5862)
40 (489.1000,  56.8500)

run_1/frame00022.jpg
32 ( 50.5000, 360.5000)
40 (218.9500,  78.8250)
30 (235.9000, 321.9667)
45 (242.3333, 120.4444)
40 (274.7000, 369.1750)
28 (286.5000, 222.7857)
27 (352.4815, 368.1111)
31 (394.7419, 139.6129)
39 (491.1282,  56.1282)

run_1/frame00023.jpg
33 ( 46.4545, 366.7879)
39 (220.0000,  76.5897)
25 (229.9600, 322.4000)
38 (248.4737, 119.1842)
41 (274.1220, 370.0244)
30 (397.6333, 139.3667)
33 (491.4242,  56.4242)

run_1/frame00024.jpg
38 ( 47.9211, 368.9474)
38 (225.2105,  79.1053)
36 (250.3889, 116.8333)
38 (268.5000, 371.8684)
26 (396.5000, 134.0000)
38 (491.9211,  53.5263)
34 (502.5000, 248.7059)

run_1/frame00025.jpg
28 ( 48.0357, 370.4286)
34 (227.9118,  78.9706)
40 (248.0750, 114.2000)
44 (270.0000, 368.5000)
29 (345.2759, 360.5862)
37 (398.4595, 131.0811)
41 (492.5854,  52.6585)
30 (503.0333, 248.6000)

run_1/frame00026.jpg
38 ( 48.0789, 371.5526)
36 (222.5000,  84.8333)
41 (253.7317, 114.8537)
38 (269.7895, 366.8421)
31 (341.4516, 361.5806)
41 (401.7561, 128.0000)
29 (494.3103,  52.4483)
41 (504.0000, 242.0000)

run_1/frame00027.jpg
32 ( 48.7813, 370.0625)
38 (222.5000,  80.0000)
41 (260.2439, 109.0000)
39 (272.8718, 365.8718)
39 (336.0000, 367.1538)
38 (406.3158, 131.6842)
41 (504.0000, 245.2439)

run_1/frame00028.jpg
36 ( 50.0833, 364.9722)
32 (217.5000,  82.5000)
41 (251.2927, 111.0732)
37 (272.1622, 363.5946)
36 (335.4167, 366.6667)
38 (404.6842, 131.8158)
40 (504.7750, 241.2500)

run_1/frame00029.jpg
38 ( 48.1316, 360.2632)
38 (219.0000,  90.5000)
36 (238.1389, 315.3889)
39 (257.8974, 119.0000)
33 (273.0909, 360.4848)
41 (337.2683, 370.9024)
37 (409.4595, 129.9189)
40 (503.9500, 240.8250)

run_1/frame00030.jpg
37 ( 50.2703, 363.6757)
36 (218.2222,  86.3333)
39 (255.5897, 115.0000)
25 (274.5600, 358.8000)
39 (335.7949, 374.6923)
38 (410.5000, 128.0000)
39 (507.4359, 239.9231)

run_1/frame00031.jpg
28 ( 50.2143, 368.5000)
36 (217.3889,  86.8611)
32 (237.4375, 323.0313)
40 (256.1000, 118.5500)
32 (269.3438, 364.3750)
39 (339.1282, 371.8718)
40 (407.5000, 131.5000)
38 (508.3947, 241.8421)

run_1/frame00032.jpg
34 ( 51.4118, 368.3235)
42 (223.0000,  82.3333)
41 (255.1463, 123.8537)
28 (274.8571, 364.6071)
33 (342.3939, 369.5455)
41 (401.0000, 132.2439)
40 (511.9250, 243.9500)

run_1/frame00033.jpg
31 ( 46.4516, 372.5806)
38 (222.5000,  82.0000)
42 (255.0714, 127.9524)
37 (279.7568, 368.7568)
29 (346.4138, 367.7241)
39 (401.6410, 128.8974)
40 (512.5500, 249.9000)

run_1/frame00034.jpg
26 ( 49.5000, 371.0000)
35 (217.6000,  75.5143)
42 (252.0952, 125.6190)
40 (284.2500, 369.4000)
37 (345.4595, 366.9189)
30 (403.3667, 130.6333)
28 (501.1429, 444.2143)
37 (509.1351, 254.2973)

run_1/frame00035.jpg
39 (211.8718,  78.8718)
43 (248.0698, 124.2791)
32 (276.6563, 364.0000)
40 (348.8000, 365.0750)
32 (401.0000, 136.6563)
32 (503.0938, 438.9688)
41 (507.4634, 243.0244)

run_1/frame00036.jpg
32 ( 45.5000, 371.5000)
37 (213.5405,  81.7838)
39 (244.7436, 123.9231)
32 (277.5000, 363.5000)
36 (349.0833, 367.0278)
32 (407.5000, 130.5000)
28 (508.6786, 440.6786)
39 (512.5128, 240.6410)

run_1/frame00037.jpg
41 (210.8780,  78.0244)
34 (250.0882, 123.1471)
34 (277.2059, 362.0882)
35 (348.7714, 372.4286)
29 (402.5862, 129.2759)
35 (507.3714, 245.2286)
31 (514.4194, 439.2581)

run_1/frame00038.jpg
31 (208.4194,  72.5484)
34 (257.2647, 125.2353)
33 (278.4242, 361.4242)
33 (344.5455, 373.2121)
30 (401.4000, 132.0333)
26 (506.6923,  41.5000)
25 (508.8800, 437.2800)
33 (509.4848, 249.6061)

run_1/frame00039.jpg
26 (214.9231,  67.0769)
26 (255.5000, 125.0000)
26 (280.5000, 360.0000)
38 (344.5000, 368.0000)
39 (398.4359, 133.9231)
29 (514.4138, 249.7241)

run_1/frame00040.jpg
31 (279.4516, 357.5806)
32 (350.5000, 371.5000)
40 (388.9250, 136.8000)
34 (505.9706, 428.8529)

run_1/frame00041.jpg
36 (277.5278, 357.2222)
28 (332.5714,   9.1786)
31 (355.9355, 371.5806)
42 (382.9286, 133.9286)
34 (500.5000, 429.7059)

run_1/frame00042.jpg
32 (212.7500,  59.6875)
35 (277.4571, 356.9143)
39 (332.9487,  15.7179)
37 (360.5946, 371.0000)
30 (379.6667, 129.8667)
36 (499.5000, 432.1667)

run_1/frame00043.jpg
38 (221.0789,  62.8158)
40 (282.8000, 356.9250)
39 (328.8718,  18.0256)
29 (366.5862, 367.2759)
34 (503.5000, 432.7059)

run_1/frame00044.jpg
38 (220.5000,  60.0000)
25 (242.9600, 315.6000)
36 (280.5000, 360.8333)
39 (330.6410,  12.1026)
37 (503.1081, 431.9730)

run_1/frame00045.jpg
39 (223.8718,  51.8718)
60 (237.7000, 320.6667)
40 (279.6750, 361.0250)
38 (339.0789,  14.9737)
33 (497.7576, 433.0000)

run_1/frame00046.jpg
37 (226.5946,  51.8378)
40 (239.4000, 320.5250)
36 (284.6667, 355.7778)
35 (494.1714, 427.7429)

run_1/frame00047.jpg
36 (231.5833,  55.4722)
34 (244.2647, 322.0000)
30 (267.3667, 107.3667)
34 (375.7059, 353.5000)
32 (494.3750, 425.6563)
36 (582.4167, 396.0000)

run_1/frame00048.jpg
31 (232.9355,  59.4194)
36 (247.6389, 325.3889)
32 (381.0000, 350.6563)
36 (584.6389, 397.8056)

run_1/frame00049.jpg
31 (251.4516, 324.7097)
38 (383.9474, 346.9211)
33 (580.4848, 387.6061)

run_1/frame00050.jpg
35 (231.0000,  58.1714)
31 (254.1290, 322.0323)
39 (498.6410, 235.8974)
34 (586.8824, 387.1471)

run_1/frame00051.jpg
36 (226.4167,  54.3333)
31 (254.4839, 323.0968)
35 (289.1143, 352.7429)
31 (497.7419, 234.3548)
34 (583.7941, 384.0882)

run_1/frame00052.jpg
32 (225.5313,  52.9688)
37 (288.1622, 356.5946)
37 (362.4595, 113.0811)
36 (495.0278, 227.3889)
33 (590.3030, 385.9091)

run_1/frame00053.jpg
37 (222.4595,  57.0811)
38 (298.5526, 350.0789)
31 (490.4839, 433.9677)

run_1/frame00054.jpg
39 (225.8718,  57.8718)
40 (300.9250, 357.8000)
36 (356.3889, 118.1389)
31 (490.5806, 433.4516)

run_1/frame00055.jpg
34 (226.5000,  61.0000)
33 (249.9091, 333.3030)
30 (301.3333, 354.5000)
39 (353.5897, 114.0000)

run_1/frame00056.jpg
36 (228.2500,  61.0556)
30 (250.3667, 331.6333)
41 (296.1220, 349.6585)
25 (494.9600, 217.6000)
34 (495.2647, 430.0000)

run_1/frame00057.jpg
31 (229.7419,  60.5806)
28 (248.9286, 330.7143)
29 (293.1034, 351.3448)
35 (488.4571, 431.9143)
29 (495.1034, 214.4828)

run_1/frame00058.jpg
32 (249.5000, 322.5000)
27 (296.4074, 218.5556)
33 (484.6970, 429.9091)
34 (492.0000, 213.2647)

run_1/frame00059.jpg
36 (228.6667,  64.7500)
28 (244.7857, 325.5000)
32 (288.3438, 345.3750)
34 (295.5000, 215.0000)
31 (486.6452, 430.2581)
40 (493.3250, 207.9750)

run_1/frame00060.jpg
34 (225.2647,  60.0000)
30 (248.3000, 325.7000)
31 (286.2258, 344.0645)
34 (298.6765, 216.9412)
36 (392.8056, 420.0556)
27 (493.7407, 434.4074)
36 (495.8611, 213.3889)

run_1/frame00061.jpg
40 (227.0750,  63.0500)
29 (245.7241, 322.5862)
33 (299.0909, 218.6970)
30 (497.5333, 430.6333)
36 (500.8056, 211.0556)

run_1/frame00062.jpg
26 (226.1154,  70.0000)
26 (247.6538, 323.6538)
34 (293.7353, 212.2647)
27 (388.4074, 335.4444)
31 (500.2581, 422.6452)
38 (503.3947, 206.2895)

run_1/frame00063.jpg
32 (227.5000,  70.5000)
28 (252.5000, 324.2143)
28 (295.2143, 214.5000)
26 (390.8462, 423.3846)
29 (500.7241, 423.4138)
33 (506.4242, 202.4242)

run_1/frame00064.jpg
37 (232.1351,  68.0541)
29 (253.1034, 322.3103)
31 (300.4516, 217.5806)
33 (505.5758, 198.1212)
25 (507.8000, 430.9200)

run_1/frame00065.jpg
37 (231.0541,  62.8649)
30 (253.5000, 320.0000)
35 (296.2286, 218.3714)
42 (358.0476,  27.5476)
32 (509.8438, 198.6250)

run_1/frame00066.jpg
32 (255.0000, 318.3438)
32 (290.8438, 217.3750)
41 (355.7561,  32.9268)
39 (513.8718, 202.8718)
25 (569.9600, 405.6000)

run_1/frame00067.jpg
26 (239.0385,  60.8077)
26 (252.5000, 317.0000)
34 (287.5000, 224.5000)
25 (357.9200,  36.2800)
29 (390.4483, 429.5862)
25 (511.9200, 423.9600)
38 (515.9211, 204.3684)

run_1/frame00068.jpg
27 (239.4815,  60.8889)
29 (256.2759, 320.5862)
38 (284.8684, 224.3947)
39 (508.8718, 195.8718)

run_1/frame00069.jpg
26 (242.0000,  58.5000)
36 (289.3889, 223.1389)
34 (508.0000, 198.2647)

run_1/frame00070.jpg
32 (233.0000,  63.6563)
27 (261.5926, 323.2593)
38 (292.4737, 219.1842)
28 (397.5000, 426.2143)

run_1/frame00071.jpg
27 (257.5926, 321.2593)
33 (293.9091, 222.4545)
31 (402.4516, 428.5806)

run_1/frame00072.jpg
25 (261.9600, 320.6000)
27 (292.4815, 228.8889)
32 (403.5000, 426.5000)
32 (500.5000, 195.5000)

run_1/frame00073.jpg
28 (292.9643, 234.1071)
28 (393.6429, 425.5357)
33 (498.4545, 197.7879)

run_1/frame00074.jpg
27 (235.4074,  58.9259)
34 (285.5000, 235.7059)
27 (291.7407,  33.5926)
37 (392.5676, 423.5676)
36 (503.3889, 198.8611)

run_1/frame00075.jpg
32 (237.3438,  58.3750)
36 (290.1667,  32.5000)
35 (292.5714, 241.7714)
30 (363.2000, 108.5000)
39 (396.1538, 425.0000)
33 (499.6061, 195.5152)

run_1/frame00076.jpg
37 (239.1622,  63.0270)
35 (280.4286,  40.7714)
36 (298.6667, 240.7778)
41 (361.5610, 114.2683)
37 (399.0811, 428.4595)
30 (502.6000, 198.8333)

run_1/frame00077.jpg
38 (240.2368,  69.9737)
39 (282.1282,  42.5897)
37 (295.0811, 236.4595)
38 (362.6842, 117.8158)
34 (400.7941, 430.3529)
30 (502.3667, 197.6333)

run_1/frame00078.jpg
34 (243.3235,  66.4118)
39 (289.0000,  37.8462)
36 (294.0000, 234.4167)
37 (362.7838, 123.4595)
30 (510.3667, 204.6333)

run_1/frame00079.jpg
35 (127.5714, 220.7714)
36 (248.5000,  59.8333)
37 (290.9189, 233.5405)
35 (293.6571,  39.6857)
39 (362.7692, 121.8462)
30 (514.0333, 201.4000)

run_1/frame00080.jpg
29 (127.4828, 222.1034)
39 (247.6923,  65.6667)
39 (285.8718, 237.8718)
35 (295.3429,  45.9429)
36 (356.7778, 120.6667)
27 (401.7778, 426.2963)
28 (511.0000, 202.1071)

run_1/frame00081.jpg
27 (122.1481, 227.2222)
29 (249.7241,  71.3448)
34 (282.5294, 237.8529)
37 (292.7568,  46.7568)
37 (357.4595, 113.0811)
27 (387.9259, 311.4074)
35 (400.9143, 427.4571)
30 (484.0000, 391.3000)

run_1/frame00082.jpg
26 (121.6154, 224.1538)
27 (246.1111,  72.8889)
38 (282.5526, 233.0789)
33 (292.5455,  49.0909)
40 (354.7250, 113.0750)
33 (392.6061, 312.5152)
33 (402.9091, 427.6970)
27 (486.2963, 388.7778)

run_1/frame00083.jpg
37 (279.8919, 232.2703)
28 (289.6071,  50.1786)
33 (290.4848, 104.6061)
39 (362.4872, 111.8974)
36 (388.9444, 315.0833)
37 (403.0541, 426.8649)
30 (488.4000, 397.5000)

run_1/frame00084.jpg
31 (246.8710,  71.1290)
35 (281.9143, 233.4286)
29 (284.4138,  52.7241)
36 (295.1667, 108.5000)
39 (358.6410, 113.0513)
37 (394.7568, 312.2432)
33 (404.5152, 424.6061)
28 (493.5000, 394.2143)

run_1/frame00085.jpg
35 (244.5714,  67.7714)
29 (276.4138,  48.7241)
37 (283.1351, 237.4865)
39 (298.6154, 109.7436)
37 (396.7568, 307.9730)
35 (402.6286, 420.5714)
32 (492.9688, 393.5313)
28 (522.6786, 200.7500)

run_1/frame00086.jpg
27 (242.2593,  71.4444)
37 (286.7027, 240.8919)
39 (298.8718, 117.8718)
36 (392.9167, 309.6389)
31 (408.2581, 424.4194)
30 (484.7667, 398.5333)
33 (521.2424, 206.3636)

run_1/frame00087.jpg
25 (246.0800,  69.8000)
27 (269.4815,  50.1111)
34 (282.7059, 236.5000)
37 (304.0811, 119.4595)
37 (391.0000, 313.0000)
30 (405.2000, 434.3333)
25 (485.4000, 402.3600)
28 (524.2143, 211.5000)

run_1/frame00088.jpg
38 (246.0789,  63.9474)
35 (268.3143,  52.3143)
36 (276.0000, 238.5000)
33 (300.8182, 112.1818)
36 (396.8611, 317.6111)
36 (407.9722, 437.0833)
34 (487.9118, 402.5588)
34 (520.2941, 214.1765)

run_1/frame00089.jpg
38 (250.9474,  59.9211)
38 (260.2895,  47.3947)
38 (275.9211, 244.6316)
28 (284.3571, 305.6071)
33 (295.7576, 115.0000)
39 (398.9487, 319.1795)
36 (412.0278, 436.0833)
28 (487.5357, 407.6786)
39 (516.2821, 225.0513)

run_1/frame00090.jpg
29 ( 12.4138, 347.2759)
37 (250.0270,  61.2973)
36 (258.5556,  53.2500)
37 (268.7568, 238.2432)
25 (295.9200, 117.8000)
34 (398.2647, 319.0000)
32 (413.5000, 438.5000)
28 (482.5357, 408.3571)
38 (515.1053, 224.2105)
26 (552.5000, 452.0000)

run_1/frame00091.jpg
32 ( 17.1875, 345.7188)
31 (247.3226,  60.0968)
33 (264.0000,  52.2424)
38 (270.4211, 239.0000)
29 (282.7241, 303.4138)
31 (292.7097, 111.2903)
39 (399.1538, 316.7692)
31 (480.4516, 406.5806)
41 (514.0000, 224.7561)
30 (555.3667, 450.6333)

run_1/frame00092.jpg
31 ( 24.0000, 345.8065)
32 (116.0000, 226.6563)
33 (245.3030,  61.0909)
39 (275.8718, 245.8718)
30 (283.5000, 306.0000)
27 (289.8889, 112.6667)
38 (396.6842, 320.1842)
39 (518.6410, 222.1026)
29 (569.6897, 450.7931)
36 (617.8333,   3.8056)

run_1/frame00093.jpg
35 ( 26.0286, 346.7143)
25 (121.4000, 230.0400)
37 (249.9730,  62.7568)
29 (265.5862,  55.2759)
26 (273.6154, 248.8462)
32 (281.3750, 307.0313)
29 (292.5862, 114.2759)
33 (396.5758, 319.5758)
28 (419.2143, 434.5000)
37 (521.1622, 220.5946)
37 (610.8649,   4.0541)

run_1/frame00094.jpg
25 ( 20.9600, 342.6000)
35 (250.2571,  65.4857)
25 (257.8000,  55.2400)
34 (272.7941, 252.0882)
33 (281.8182, 304.1818)
36 (398.2500, 318.0556)
29 (416.7241, 432.4138)
33 (520.4242, 215.4242)
26 (574.0000, 445.5000)
39 (611.0256,  12.0256)

run_1/frame00095.jpg
26 ( 17.0385, 340.6923)
41 (251.0488,  70.1707)
27 (258.4074,  63.0741)
38 (272.3684, 257.9737)
30 (282.6333, 302.3667)
34 (397.0882, 319.7941)
25 (410.8000, 432.4800)
28 (487.2143, 411.5000)
36 (523.6944, 220.5000)
38 (611.6842,  12.1842)

run_1/frame00096.jpg
27 ( 20.7778, 344.2963)
39 (251.2821,  74.8974)
38 (274.6316, 265.0789)
27 (281.5926, 304.1852)
32 (400.5000, 324.5000)
26 (488.1538, 414.2692)
39 (526.8718, 222.8718)
32 (575.2813, 449.1875)
38 (610.1316,  18.6842)

run_1/frame00097.jpg
31 ( 16.4516, 347.4194)
38 (249.0000,  75.5000)
34 (280.4412, 271.5294)
30 (288.3333, 121.2000)
35 (359.3714, 118.2286)
30 (396.6333, 329.3667)
34 (414.2647, 433.0000)
35 (529.5143, 221.4000)
27 (577.7037, 453.2222)
28 (592.5714, 231.1786)
39 (612.2564,  22.4359)

run_1/frame00098.jpg
33 ( 16.5455, 350.0909)
39 (251.4359,  78.7179)
31 (284.5806, 271.4516)
35 (289.6857, 120.3143)
37 (366.5946, 117.1622)
27 (418.1852, 429.4074)
26 (489.8846, 402.3077)
37 (529.0000, 224.0000)
32 (581.6563, 451.0000)
43 (614.0698,  25.5349)

run_1/frame00099.jpg
26 ( 17.8846, 349.3077)
37 (255.4595,  82.0811)
38 (283.2368, 271.9737)
42 (286.1190, 117.2857)
35 (359.4286, 116.7714)
37 (422.2162, 429.4595)
38 (526.5526, 234.0789)
31 (592.0000, 448.7419)
35 (597.5714, 241.9429)
31 (614.5806,  24.0645)

run_1/frame00100.jpg
46 (254.2609,  80.5870)
25 (274.6000, 302.0400)
34 (281.3824, 121.1471)
40 (286.9750, 266.6750)
34 (423.1471, 431.0882)
31 (496.2903, 405.2903)
29 (525.2759, 231.5862)
30 (593.3667, 443.6333)
38 (601.0526, 243.0789)

run_1/frame00101.jpg
32 (103.5000, 251.5000)
42 (251.1905,  84.9286)
30 (269.3333, 296.5000)
33 (280.6061, 121.4848)
37 (295.0000, 263.0000)
32 (494.5000, 409.5000)
27 (520.0000, 229.0000)
29 (588.5517, 439.4138)
37 (599.4595, 244.0811)

run_1/frame00102.jpg
28 (103.0000, 251.5000)
68 (253.5000,  86.9265)
29 (267.9310, 297.5862)
37 (298.2973, 256.1351)
27 (521.5926, 228.2593)
40 (595.9500, 245.9250)

run_1/frame00103.jpg
30 (100.6333, 255.3667)
29 (233.4828, 161.1034)
58 (254.2241,  93.2759)
32 (270.5000, 295.5000)
40 (277.7250, 121.0750)
38 (298.1053, 252.2105)
27 (501.5926, 405.2593)
26 (583.3462, 446.3462)
35 (596.7714, 246.5714)

run_1/frame00104.jpg
30 ( 92.5000, 253.3333)
33 (230.3030, 160.0909)
65 (250.0000,  93.6923)
31 (271.6129, 295.2581)
25 (279.6000, 123.0400)
40 (296.9750, 256.6750)
33 (422.7576, 432.0000)
25 (499.5600, 404.6000)
35 (531.0571, 223.8857)
27 (585.7407, 443.5926)
44 (586.9545, 247.0682)

run_1/frame00105.jpg
30 ( 12.8000, 370.3333)
33 ( 93.3030, 252.0909)
32 (247.6875,  96.9375)
25 (271.7200, 122.4000)
29 (276.3793, 295.4138)
37 (299.4324, 260.0541)
28 (424.2143, 430.5000)
33 (529.4545, 227.7879)
42 (587.1190, 248.6905)

run_1/frame00106.jpg
34 ( 15.4118, 369.6765)
34 ( 90.3235, 252.4118)
32 (225.5938, 160.3438)
29 (247.3103,  92.1034)
47 (267.0426, 119.2766)
25 (279.9600, 302.6000)
33 (299.4848, 256.3939)
32 (430.5000, 431.5000)
28 (528.8214, 231.3929)
40 (582.9750, 251.9500)
28 (583.5000, 439.2143)

run_1/frame00107.jpg
30 ( 14.0333, 366.4333)
33 ( 89.9394, 250.5758)
34 (231.6471, 162.8235)
61 (266.5738, 123.5246)
35 (293.3143, 253.3143)
36 (436.8333, 434.3333)
44 (578.8864, 255.6364)

run_1/frame00108.jpg
36 ( 90.6389, 260.0833)
34 (233.0294, 161.8529)
66 (267.2879, 123.5606)
25 (292.7600, 253.6400)
33 (433.7576, 431.2727)
46 (579.1087, 256.9565)
26 (593.5000, 444.0000)

run_1/frame00109.jpg
32 (  9.3750, 369.1563)
31 ( 92.7419, 259.3871)
28 (227.3929, 164.8214)
38 (265.1053, 123.2105)
38 (432.6842, 432.8158)

run_1/frame00110.jpg
29 ( 13.7586, 375.4828)
34 ( 88.5000, 258.7059)
25 (228.4000, 169.0400)
32 (242.5000,  87.5000)
36 (264.7500, 126.6667)
36 (426.0833, 434.9722)

run_1/frame00111.jpg
27 ( 11.2963, 377.7778)
31 ( 88.4194, 255.9355)
31 (228.0968, 175.3226)
33 (243.0909,  82.6970)
33 (263.1818, 130.1818)
32 (430.1563, 438.8750)

run_1/frame00112.jpg
33 (229.0000, 176.2424)
32 (246.5000,  77.5000)
32 (298.5000, 252.5000)
28 (428.5000, 438.2143)
29 (594.2414, 442.2414)

run_1/frame00113.jpg
27 (233.2963, 180.4444)
26 (248.1154,  71.0000)
34 (298.4118, 256.3235)
35 (428.2286, 433.3714)
32 (595.9688, 448.0938)

run_1/frame00114.jpg
29 ( 14.4138, 364.1379)
35 (228.1143, 174.8857)
31 (248.5484,  67.4194)
29 (252.3103, 138.4483)
38 (294.8421, 256.7895)
34 (429.0882, 436.7941)
37 (482.4595,  38.0811)
26 (572.8846, 252.3077)
30 (599.2000, 445.6667)

run_1/frame00115.jpg
34 ( 16.0882, 367.7941)
31 (232.4516, 172.5806)
29 (244.4138,  68.7241)
41 (286.7561, 115.0000)
39 (301.8462, 264.7692)
34 (423.3824, 440.9706)
37 (480.2432,  41.2703)
30 (592.6333, 447.3667)

run_1/frame00116.jpg
26 (232.6923, 175.0385)
31 (237.7419,  67.3871)
40 (283.3500, 115.9250)
28 (295.2143, 304.5000)
38 (308.1579, 257.4474)
29 (394.6897, 344.4483)
34 (424.9118, 440.6176)
38 (482.8158,  42.6842)
28 (496.7857, 406.5000)
30 (511.6667, 241.4333)

run_1/frame00117.jpg
32 (230.5000,  67.5000)
31 (233.5484, 175.7419)
29 (284.2759, 109.5862)
26 (296.0000, 308.5000)
36 (305.7778, 259.6667)
31 (422.5806, 439.9355)
38 (479.7895,  40.8947)
25 (493.4000, 411.0400)

run_1/frame00118.jpg
32 (  4.4063, 363.3438)
37 (230.4595,  64.9189)
31 (236.2903, 177.7097)
29 (291.5862, 307.7241)
37 (299.8108, 259.7568)
32 (399.5938, 342.8438)
34 (431.1176, 432.9412)
38 (481.5000,  38.0000)
30 (493.8333, 409.6000)
33 (508.0606, 242.8788)

run_1/frame00119.jpg
28 (  4.5000, 357.7857)
35 (235.5429,  62.9143)
31 (236.2903, 180.4516)
25 (285.6000, 307.9600)
37 (301.1351, 261.2973)
35 (401.7714, 340.4286)
37 (479.4054,  42.8108)
36 (511.8333, 247.0833)
35 (588.1714,  57.0000)

run_1/frame00120.jpg
32 (234.7813, 177.1250)
32 (238.5000,  63.5000)
40 (303.8000, 258.9250)
33 (397.0909, 345.3030)
36 (480.5000,  46.1667)
34 (515.1471, 248.0588)
25 (585.8000,  54.2400)

run_1/frame00121.jpg
36 (237.4167,  63.3333)
33 (237.9697, 180.7576)
33 (299.7273, 258.6667)
35 (398.3429, 344.6000)
36 (476.3611,  38.6944)
33 (515.0909, 247.6970)
31 (583.2903,  53.2903)

run_1/frame00122.jpg
30 (232.8000,  63.1667)
31 (241.3548, 179.7419)
31 (300.5806, 258.0645)
34 (398.5000, 344.7059)
35 (441.8857, 424.8857)
38 (476.5000,  34.0000)
36 (515.6667, 249.7778)
32 (582.2813,  56.1875)

run_1/frame00123.jpg
31 (240.5806, 183.4516)
34 (302.6765, 260.5882)
38 (391.8421, 346.7895)
33 (441.1818, 420.1818)
38 (479.0789,  26.9474)
35 (518.6000, 246.7143)
36 (580.7500,  57.9444)

run_1/frame00124.jpg
27 (258.4074, 124.7407)
36 (300.5000, 259.1667)
35 (393.1714, 345.0000)
29 (446.4138, 418.7241)
38 (485.0263,  25.7632)
35 (519.2571, 248.4857)
33 (576.4848,  53.3939)

run_1/frame00125.jpg
35 (240.9143, 179.7714)
29 (297.4483, 259.5862)
36 (395.1389, 347.3889)
28 (447.6786, 422.6786)
37 (476.8378,  20.4054)
35 (512.7714, 247.4286)

run_1/frame00126.jpg
30 (  4.0000, 361.5000)
30 (234.0000, 180.7000)
33 (402.0909, 343.4848)
31 (454.0968, 428.3226)
39 (480.0000,  23.8462)
26 (493.6923, 405.2308)
30 (511.6333, 250.0667)
33 (580.0909,  51.3030)

run_1/frame00127.jpg
33 ( 11.6970, 365.8485)
32 (231.3438, 177.0000)
30 (259.3667, 122.3667)
27 (300.4074, 259.9259)
35 (400.7714, 341.4286)
33 (450.7576, 428.4242)
29 (488.2759,  18.5862)
29 (576.6207,  48.8621)

run_1/frame00128.jpg
31 (264.6774, 125.6129)
34 (395.7647, 344.8824)
29 (449.2759, 426.8621)
26 (492.3077,  20.2308)
26 (575.9615,  50.3077)

run_1/frame00129.jpg
33 (237.0000, 188.7576)
35 (270.5714, 125.7714)
38 (395.1316, 339.2632)
29 (449.4138, 434.7241)
36 (577.3889, 252.7222)
37 (580.0000,  54.0000)

run_1/frame00130.jpg
32 (  2.8438, 329.3750)
32 (239.5000, 187.5000)
36 (269.4167, 121.5278)
35 (392.4571, 343.9143)
29 (445.4138, 433.7241)
34 (589.2647,  54.0000)

run_1/frame00131.jpg
30 (  6.5000, 328.0000)
32 (237.5000, 193.5000)
38 (268.8158, 119.2105)
25 (317.4800, 270.8000)
37 (391.8919, 340.7297)
33 (445.2121, 433.1818)
29 (492.7241, 403.4138)
25 (499.4000, 251.0400)
40 (581.0750, 254.9750)
36 (588.5000,  57.1667)

run_1/frame00132.jpg
30 ( 17.6667, 355.5000)
27 (243.1111, 191.4815)
34 (271.6471, 120.8235)
31 (387.7419, 332.3548)
34 (452.0000, 432.2647)
34 (494.8529, 404.3824)
39 (579.8718, 253.8718)
35 (593.7429,  55.8286)

run_1/frame00133.jpg
30 ( 20.3667, 351.6333)
32 (242.5000, 190.5000)
36 (269.2778, 121.2222)
29 (312.5862, 312.2759)
29 (316.3448, 268.7241)
35 (383.5714, 330.7714)
32 (450.5000, 424.5000)
27 (489.7407,  22.5926)
26 (492.6538, 254.3462)
32 (497.0938, 399.0000)
36 (578.3333, 251.5000)
37 (588.4595,  60.0811)

run_1/frame00134.jpg
32 ( 20.5000, 352.5000)
35 (241.7429, 192.8286)
35 (265.3429, 124.4000)
29 (315.4138, 311.7241)
32 (380.5625, 326.6875)
26 (416.2308,   9.3077)
35 (458.0000, 428.1714)
33 (490.4242,  19.0606)
27 (495.2593, 255.5926)
26 (501.0385, 403.3077)
32 (580.5000, 248.5000)
39 (591.1282,  57.3590)

run_1/frame00135.jpg
34 ( 18.2647, 355.0000)
30 (237.3333, 190.5000)
34 (265.3824, 119.0294)
27 (311.2593, 313.4074)
30 (374.8000, 330.6667)
29 (425.6897,  11.9310)
32 (452.5000, 428.5000)
36 (488.3889,  14.8611)
28 (507.5000, 404.2143)
40 (574.8500, 248.9000)
39 (593.8718,  57.8718)

run_1/frame00136.jpg
32 ( 12.4688, 348.3438)
25 ( 18.2400, 329.8000)
34 (236.3824, 186.8529)
35 (258.3143, 118.7714)
30 (314.5000, 315.6667)
28 (377.5000, 334.2143)
34 (420.9118,  18.7941)
28 (448.5000, 425.7857)
32 (491.4063,  17.9688)
33 (512.0909, 404.6970)
36 (571.5000, 252.5556)
32 (586.5000,  54.5000)

run_1/frame00137.jpg
31 ( 13.9032, 327.6774)
25 ( 17.6000, 345.9600)
33 (237.3333, 192.2727)
31 (260.1935, 111.7097)
32 (315.5000, 316.5000)
37 (376.0000, 334.0000)
26 (416.5769,  14.8462)
30 (442.3667, 423.6333)
32 (505.3438, 402.3750)
39 (571.9487, 252.2051)
32 (589.5313,  54.1875)

run_1/frame00138.jpg
31 (  8.4839, 345.7742)
32 (233.8438, 194.5625)
26 (315.5000, 314.0000)
33 (375.4242, 338.5758)
33 (446.1818, 425.1818)
30 (506.3667, 400.6333)
36 (571.6111, 251.8611)
38 (594.1053,  54.2105)

run_1/frame00139.jpg
30 ( 12.3000, 347.0000)
28 ( 13.5000, 325.7857)
29 (237.2759, 199.4138)
29 (317.7241, 307.4138)
32 (376.5000, 334.5000)
25 (422.6000,  21.9600)
35 (449.8286, 428.0000)
30 (500.3667,  16.6333)
33 (571.8788, 250.8788)
34 (594.2647,  57.0000)

run_1/frame00140.jpg
25 ( 14.4000, 326.0400)
31 ( 18.4194, 349.2581)
25 ( 92.1200, 251.4800)
33 (256.2727, 114.2121)
28 (320.0000, 305.8929)
33 (374.4242, 334.4242)
33 (447.4242, 429.4242)
28 (493.1786, 266.6071)
33 (500.7879,  18.7879)
29 (508.7241, 402.4138)
29 (568.2759, 249.5862)
30 (595.3667,  60.3667)

run_1/frame00141.jpg
32 ( 12.6563, 325.0000)
32 ( 17.0000, 339.6563)
67 (262.6567, 115.8657)
35 (373.4286, 333.2286)
29 (427.5862,  16.7241)
27 (444.2593, 426.5926)
35 (500.2286,  16.5714)
26 (508.3462, 404.3462)
28 (576.5000, 252.2143)
36 (599.3889,  63.1389)

run_1/frame00142.jpg
30 ( 20.5000, 329.3333)
31 ( 23.2903, 342.7097)
33 ( 84.3939, 246.7576)
35 (372.4286, 330.6286)
32 (428.5000,   7.5000)
28 (440.0357, 429.3929)
25 (490.8000, 259.0800)
32 (499.5000,  19.5000)
30 (506.4000, 407.8333)

run_1/frame00143.jpg
32 ( 15.5000, 327.5000)
34 ( 84.7647, 250.8824)
77 (266.9481, 114.4805)
37 (367.5405, 333.7838)
31 (427.0968,   5.3226)
34 (438.9706, 427.3824)
32 (484.5000, 261.5000)
34 (498.6765, 412.5882)
37 (501.0270,  19.8919)

run_1/frame00144.jpg
31 ( 18.4516, 329.4194)
25 ( 24.3200, 341.2400)
35 ( 84.9714, 253.4857)
43 (265.9767, 112.8837)
34 (371.1471, 342.3235)
31 (418.9355,  14.4194)
33 (479.3030, 260.9091)
35 (497.1714,  21.0000)
35 (497.1143, 410.8857)
29 (570.1379, 439.5862)

run_1/frame00145.jpg
26 (  9.0000, 327.5000)
30 ( 24.6333, 339.3667)
35 ( 86.5714, 254.9429)
42 (274.6190, 113.1905)
31 (414.4516,  13.5806)
28 (493.1786, 411.3929)
32 (573.5000, 435.5000)

run_1/frame00146.jpg
33 ( 78.4848, 256.2727)
53 (277.0943, 115.4528)
37 (412.5405,  11.9189)
26 (469.5385, 265.3462)
30 (497.6333,  20.3667)
30 (574.3667, 435.3667)

run_1/frame00147.jpg
32 ( 80.5000, 260.5000)
62 (272.8548, 119.0161)
31 (367.4516, 349.5806)
39 (406.9487,  14.7179)
27 (488.7778, 411.2963)
29 (500.1034,  17.4828)

run_1/frame00148.jpg
26 ( 29.6923, 334.2692)
34 ( 82.4118, 261.3235)
30 (156.6333,  82.3667)
28 (250.2143, 299.5000)
62 (277.4194, 113.8065)
51 (400.4118,  14.5098)
31 (495.5806, 413.5484)
33 (507.1818,  16.1818)

run_1/frame00149.jpg
28 ( 34.0714, 332.7857)
36 ( 87.9722, 260.0833)
28 (158.1786,  81.6071)
34 (250.3824, 307.8235)
40 (278.8000, 112.9250)
40 (403.9500,  16.8250)
30 (489.3667, 412.6333)
35 (500.9143,  19.3143)

run_1/frame00150.jpg
32 ( 87.2188, 260.6250)
36 (248.2222, 315.8889)
45 (278.7556, 113.9333)
26 (314.6538, 324.3462)
30 (462.3667, 274.3667)
31 (490.3548, 413.7419)
35 (498.1714,  18.0000)

run_1/frame00151.jpg
36 ( 96.9722, 264.0833)
32 (157.0938,  77.6563)
32 (255.1875, 318.7188)
42 (281.3333, 109.4524)
25 (302.8800, 188.2400)
25 (316.0400, 319.4000)
37 (400.4324,  18.5405)
25 (444.6400, 435.2000)
30 (460.3667, 282.6333)
31 (492.4516, 408.4194)
36 (501.0833,  17.0278)

run_1/frame00152.jpg
29 ( 50.1724, 339.7586)
35 ( 97.3429, 261.0571)
36 (157.6667,  75.7778)
30 (256.9667, 316.1000)
38 (283.2368, 111.2105)
46 (402.6087,  14.1739)
33 (441.7576, 439.0000)
33 (454.4242, 280.4242)
30 (491.3667, 407.6333)
33 (495.6970,  17.9091)
28 (585.3571,  26.5357)

run_1/frame00153.jpg
30 ( 53.8667, 339.7667)
34 ( 97.4118, 261.3235)
34 (257.7059, 316.5000)
68 (277.2794, 115.9118)
26 (300.8462, 185.5769)
37 (401.2703,  17.5405)
33 (446.6061, 434.4848)
30 (454.8667, 269.7667)
25 (491.6400, 403.2400)

run_1/frame00154.jpg
31 ( 58.1935, 339.0000)
29 ( 97.5862, 258.4828)
34 (161.2647,  89.0000)
32 (254.5625, 316.3438)
40 (277.9000, 114.9500)
33 (320.4545, 321.7879)
29 (442.5862, 436.7241)
26 (490.1538, 399.3846)

run_1/frame00155.jpg
33 (  5.1212, 339.0000)
28 ( 57.2143, 342.5000)
26 ( 99.3846, 259.5385)
27 (252.5556, 313.5926)
30 (284.7000, 120.5333)
32 (320.5000, 325.5000)
29 (443.5862, 444.2759)

run_1/frame00156.jpg
33 (  2.3636, 335.2424)
30 ( 92.2000, 263.3333)
34 (159.5000,  97.0000)
34 (253.0000, 316.5000)
33 (324.1818, 317.1818)
26 (444.5000, 440.5000)
32 (481.5000, 388.5000)

run_1/frame00157.jpg
35 (165.3143,  99.3143)
32 (252.5000, 321.5000)
30 (275.3667, 127.7000)
33 (322.5758, 320.9394)
31 (453.5806, 446.0645)
29 (481.7241, 389.5862)

run_1/frame00158.jpg
29 (  3.4483, 326.3103)
30 ( 56.9667, 343.6000)
32 (165.6875,  95.1875)
31 (254.2903, 325.5484)
49 (273.8776, 124.2449)
34 (327.5000, 319.7059)
31 (452.6774, 448.9032)
30 (476.7667, 393.0667)

run_1/frame00159.jpg
32 ( 54.7188, 348.1875)
32 (165.5000,  92.5000)
32 (259.6563, 325.0000)
82 (276.7195, 128.0976)
31 (327.2903, 318.5484)
34 (412.5000, 106.7059)
28 (451.2143, 450.5000)
29 (463.7241, 281.3448)
33 (478.9091, 393.3030)

run_1/frame00160.jpg
28 (261.7857,  49.5000)
26 (266.0000, 321.5000)
63 (278.0476, 131.5556)
29 (324.3448, 321.7241)
30 (411.6667,  11.5000)
31 (485.4194, 387.4516)

run_1/frame00161.jpg
26 (171.1154,  94.0000)
31 (264.3548, 322.7419)
25 (266.7200,  48.0800)
30 (318.3667, 323.6333)
26 (419.0000,  11.5000)
27 (452.4444, 459.8889)
30 (469.3333, 283.5000)
31 (482.2581, 396.4194)

run_1/frame00162.jpg
28 (175.1071,  96.0000)
34 (257.1471, 322.0882)
30 (315.6333, 325.3667)
35 (419.1714,  14.0000)
26 (470.0000, 282.5000)

run_1/frame00163.jpg
32 (256.5000, 321.5000)
42 (281.6429, 137.3571)
27 (313.5926, 325.5556)
33 (419.4242,  12.4242)
40 (512.1000,  45.1500)

run_1/frame00164.jpg
28 ( 48.3929, 336.1429)
27 (254.5926,  52.7407)
29 (258.6897, 321.7931)
36 (420.8333,  13.8056)
26 (474.5000, 292.0000)
39 (506.8718,  50.8718)

run_1/frame00165.jpg
29 ( 50.5862, 333.2759)
33 (266.4242, 316.0606)
38 (287.2105, 139.1053)
29 (391.1034, 114.3103)
36 (420.2500,  12.6111)
40 (511.9500,  50.9250)

run_1/frame00166.jpg
27 (250.6296,  45.3333)
25 (385.9600, 115.6000)
33 (418.4242,  10.4242)
27 (468.4815, 290.1111)
38 (510.7895,  51.8421)

run_1/frame00167.jpg
32 ( 36.5000, 332.0000)
31 (254.3871,  47.7419)
34 (415.2059,   5.0882)
26 (468.0000, 295.5000)

run_1/frame00168.jpg
32 ( 35.0000, 331.3438)
31 (255.1935,  44.2258)
34 (275.2941, 319.5000)
28 (282.2143, 140.5000)
32 (413.3750,   5.8438)
29 (467.5862, 298.2759)
34 (522.7353,  50.2647)

run_1/frame00169.jpg
30 ( 34.3667, 328.6333)
35 (253.4286,  46.7714)
25 (271.9600, 322.6000)
44 (277.9318, 140.3409)
35 (374.3429, 118.9429)
31 (409.3548,   5.9355)
39 (518.7179,  52.8974)

run_1/frame00170.jpg
31 ( 25.8387, 328.7097)
26 (185.6538, 103.3462)
28 (245.5000,  48.7857)
30 (271.6333, 321.3667)
34 (279.4118, 149.3235)
37 (376.0270, 119.0541)
38 (411.0000,  12.5000)
32 (464.5000, 287.5000)
36 (526.0833,  51.9722)

run_1/frame00171.jpg
32 ( 30.5000, 328.5000)
30 (184.3667, 104.3667)
28 (268.8929, 311.0000)
43 (275.5581, 147.8837)
32 (384.2813, 116.1875)
37 (407.2432,  14.5135)
32 (467.5000, 288.5000)
34 (530.5000,  52.1765)

run_1/frame00172.jpg
30 ( 33.7333, 329.2333)
32 (180.5000, 105.5000)
32 (269.6563, 315.0000)
34 (276.0294, 151.7059)
26 (384.6923, 119.2308)
35 (402.1714,  21.8286)
31 (461.6452, 293.2581)
34 (529.7353,  47.2941)

run_1/frame00173.jpg
29 ( 33.3103, 329.4483)
38 (169.0789, 109.8158)
31 (274.9677, 314.7419)
33 (392.4848, 127.6061)
38 (393.5000,  14.8684)
36 (461.0000, 292.5000)

run_1/frame00174.jpg
26 ( 33.3462, 329.5385)
29 (170.2759, 105.5862)
35 (404.2286,  12.4286)
29 (460.2759, 292.5862)
29 (528.3103,  56.7931)

run_1/frame00175.jpg
25 ( 27.9600, 326.6000)
36 (170.1111, 104.8889)
37 (401.9189,  14.1622)
25 (460.7600, 289.3200)

run_1/frame00176.jpg
27 (166.9259, 104.4074)
34 (349.7647, 385.3529)
34 (398.5000,  17.7059)

run_1/frame00177.jpg
25 (269.4800, 143.5200)
30 (350.2000, 376.3333)
27 (397.9259,  22.4074)
28 (573.5000, 217.2143)

run_1/frame00178.jpg
28 (265.5000, 311.2143)
34 (267.6765, 144.5882)
27 (356.5556, 371.2593)
34 (401.6471,  23.1765)

run_1/frame00179.jpg
34 (265.8529, 311.5294)
35 (266.5714, 146.2286)
33 (357.6061, 373.5152)
35 (400.5429,  26.0857)

run_1/frame00180.jpg
31 (267.1935, 308.0000)
38 (272.1053, 148.2105)
35 (354.7143, 377.9429)
30 (399.4333,  23.2000)
34 (529.5000,  47.7059)

run_1/frame00181.jpg
30 (137.2000, 114.5000)
29 (272.7586, 312.7586)
34 (275.7353, 150.6471)
33 (358.4242, 380.5758)
28 (452.6071, 282.1786)
36 (527.0833,  52.9722)

run_1/frame00182.jpg
32 (138.1563, 112.1250)
31 (269.4194, 308.9355)
37 (275.1622, 162.5946)
31 (363.3871, 383.2581)
30 (446.3667, 274.3667)
37 (527.2703,  50.3243)
25 (567.2400, 213.3200)

run_1/frame00183.jpg
37 (140.0000, 115.0000)
31 (266.4516, 310.5806)
35 (274.7714, 156.5714)
33 (370.5758, 381.5758)
25 (440.0800, 274.5600)

run_1/frame00184.jpg
40 (134.6750, 115.0250)
25 (245.9600,  35.6000)
36 (268.5278, 305.0278)
32 (274.0000, 163.0938)
33 (370.0909, 382.7879)
30 (430.6333, 473.5333)
32 (531.6563,  63.3750)
29 (570.4138, 213.7241)

run_1/frame00185.jpg
35 (136.5714, 112.7714)
34 (272.1471, 308.0882)
27 (369.1111, 378.4815)
28 (422.2143, 472.5000)
35 (534.3714,  56.7714)
30 (566.6333, 217.1667)

run_1/frame00186.jpg
33 (138.6061, 115.5152)
32 (273.6250, 309.1563)
25 (419.0400, 467.4000)
36 (534.6667,  53.2222)
39 (567.1282, 223.1282)

run_1/frame00187.jpg
26 (419.6923, 474.5000)
33 (538.9394,  54.5758)
35 (568.0571, 220.4286)

run_1/frame00188.jpg
32 (125.5000, 115.5000)
28 (424.5000, 476.1429)
38 (538.9737,  59.2368)
40 (559.6000, 220.8750)
28 (604.2143,  20.5000)

run_1/frame00189.jpg
28 (125.6786, 113.3214)
25 (240.6400,  47.7600)
28 (417.1071, 476.2857)
38 (542.9474,  59.0789)
35 (560.0000, 221.1714)

run_1/frame00190.jpg
31 (125.6774, 113.8065)
37 (541.7568,  61.2432)
26 (561.6154, 225.0769)

run_1/frame00191.jpg
34 (119.4118, 111.3235)
25 (275.9200, 143.2000)
29 (411.2759, 474.1724)
34 (561.5000, 223.0000)

run_1/frame00192.jpg
34 (120.3529, 116.1765)
30 (278.3667, 146.6333)
32 (498.2813, 427.0000)
27 (549.5926,  55.1852)
25 (564.9600, 231.6000)

run_1/frame00193.jpg
32 (121.6875, 119.5313)
36 (281.3889, 141.8611)
33 (494.0606, 432.8788)
28 (546.0357,  53.4286)

run_1/frame00194.jpg
35 (126.1714, 124.0000)
26 (406.6538, 468.6538)
32 (489.5000, 430.5000)

run_1/frame00195.jpg
32 (123.6250, 122.1563)
27 (305.5926, 303.1852)
34 (483.0000, 431.5000)

run_1/frame00196.jpg
33 (125.4242, 124.4242)
33 (404.2727, 475.3333)

run_1/frame00197.jpg
29 ( 38.6207, 318.5862)
34 (303.0882, 313.0000)
30 (407.2000, 475.3333)
30 (477.6333, 431.3667)

run_1/frame00198.jpg
27 ( 36.4074, 322.7407)
36 (308.6111, 306.8611)
32 (406.5000, 470.5000)
29 (479.2759, 434.5862)
26 (537.0000,  52.5000)

run_1/frame00199.jpg
25 ( 36.9600, 322.6000)
35 (308.4286, 302.2286)
28 (403.5000, 473.0000)
29 (427.2414, 401.2414)
28 (433.5000, 279.7857)
31 (531.4516,  48.4194)

