 7.1833
 4.7932
 2.1693
 5.5287
 5.4292
 4.3962

 4.7415
 3.1405
 4.9862
 4.7904
 6.5038
 4.5736
 1.5536
 4.8241
 3.2200

 1.3599
 5.0072
 4.8623
 8.7868
 5.9680
 5.6780
 2.8890
 7.0373
 4.0447

 8.5711
 5.0050
 3.9388
 5.3842
 7.1861
 0.7395
11.2294
 2.3193
 3.1920

 2.0748
 1.4386
 5.5551
 1.2194
 2.0200
 1.9689
 3.0944
 3.3554
 3.2844

 4.8672
 3.1148
 4.5484
 5.1362
 5.4271
 4.4282
 6.1057
 5.0878
 3.3001

 3.6127
 3.5866
 0.9337
 4.9604
 5.2275
 5.4063
 2.6668
 7.5496
 4.9053

 1.5241
10.7753
 3.8296
 5.0508
 5.7311
 6.4112
 2.3309
 2.1180
 5.4643

 5.2543
 6.7788
 6.3090
 2.6123
 2.6848
10.1489
 6.9855
 5.2287

 1.6784
 4.9375
 6.0740
 3.5254
 7.5288
 2.4060
 6.7892

 4.7753
 1.8155
 4.9376
 1.9890
 2.5880
 1.9004

 6.6751
 4.9959
 5.6813
 4.7231

 6.7856
 9.3988
12.1940
 3.7748
 8.0126

 3.8333
 6.0872
 9.5628
 3.5249
 3.5132
 1.3989
 5.6701

 8.8244
 4.1422
 1.9588
 2.5044
 3.4424
 4.0159
 7.5526
 3.1081

 3.1091
 5.4803
 5.4299
 7.3125
 2.7728
 5.3527
 1.1621
 3.7209
 5.5620

 0.3771
 8.7916
 1.0111
 7.5153
 3.2028
 4.6286
 3.8650
 1.9630
 3.9003

 3.1515
 2.5783
 5.1697
 1.3031
 2.2046
 5.3565
 0.1544
 7.1977

 2.6067
 5.4443
 1.8677
 4.1954
 5.8226
 5.5141
 3.9334

 6.7153
 9.1554
 1.6698
 5.6593
 4.2724
 8.1757
 2.8564

 5.9953
 7.3044
 6.5741
 4.5315
 2.9862
 5.3968
 5.2107

 3.3874
 7.0007
 7.3324
 0.2698
 1.3435
 3.4516
 3.8857
 4.7064
 2.1528

 7.4768
 2.4696
 5.9558
 6.2683
 1.0274
 2.9019
 0.4187

 2.6104
 5.7860
 3.0323
 5.9167
 5.4850
 2.9402

 1.4856
 2.7046
 3.5055
 3.6873
 3.5156
 1.0929
 0.5437

 1.1249
 7.9787
 5.6943
 1.6712
 3.9514
 4.5123
 1.7377
 6.6704

 1.6473
 4.8333
 8.7564
 3.2314
 7.7962
 5.8621
 3.2439

 5.2542
 5.5902
 9.1882
 2.3852
 0.7600
 1.6369
 4.0684

 5.0975
 8.1394
10.3178
 3.2455
 4.6228
 5.1382
 0.9280

 4.0273
 4.2386
 4.6179
 2.2354
 4.0662
 2.1829
 3.6007

 4.8246
 0.9864
 3.5865
 7.6348
 4.3665
 4.6098
 2.1452

 1.2104
 7.2101
 5.3887
 5.5183
 4.0096
 6.5424
 4.1117

 6.5365
 0.6009
 4.0994
 6.4207
 4.4132
 3.4073
 5.9827

 3.4338
 8.1286
 3.7818
 4.5391
 1.2487
 2.4477
 5.5675

 6.6397
 4.2426
 9.3180
 3.8157
 6.4712
 5.5966
11.3962

 3.3562
 3.3452
 0.9808
 1.9732
 8.9526
 5.8407
 5.5836

 4.6067
 5.4007
 1.4421
 5.4098
 5.0640
 6.8905
 5.9139

 6.0026
 7.4741
 1.3875
 4.2980
 3.0018
 5.8819
 4.8610

 8.4991
 1.7803
 2.5174
 5.2123
 3.5153
 4.9304

 2.6367
 6.9462
 9.9365

 1.9569
 5.4361
 6.6485
 5.5367

 0.3159
 6.5503
 4.6952
 5.2095
 2.6562

 8.8971
 5.3429
 4.6847
 7.0547
 4.0362

 2.8747
 4.5349
 6.1817
 0.8311

 8.7998
 7.3033
 0.8470
 8.9130
 5.4482

 2.7230
 1.7059
 7.2422
 6.3638

 6.1722
 5.0834
 2.0965

 4.1723
 4.7822
 6.0095
 2.8633

 3.8728
 4.7580
11.0130

 3.7864
 6.4139

 5.9781
 1.1221
 1.7855
 4.3467

 1.6267
 3.9677
 7.4760
 6.7588

 5.1329
12.2644

 3.5028
 8.0773
 0.5251

 3.1907
 3.3252
 4.9966

 1.7509
 1.7313
 7.1132

 1.5657
 1.7067
 3.4576
 7.0716
 3.1205

 8.2341
 4.2614
 3.3339

 5.5879
 3.6695
 1.9792
 5.4531

 5.8426
 3.5200
 2.4906
 3.7227
 8.2198
 5.9785

 3.5468
 4.0411
 1.8040
 5.3505
 5.4674

 7.0159
 2.2054
 8.3700
 8.4401
 5.4240

 1.4721
 4.8785
 2.6803
 0.8989
 4.9110

 5.2409
 1.9973
 6.0762
 4.3859
10.3156

 5.3006
 2.3441
 4.2964
 4.2976

 2.2345
 5.4762
 5.8470
 5.8532

 2.8383
 7.8706
 3.9908
 2.5376

 0.4504
 5.2075
 2.6337
11.0401

 3.4713
 4.6917
 2.5468

10.3724
 5.0155

 4.4721
 3.5715
 5.4880

 4.4169
 6.5908
 2.3298

 5.2405
 9.9042
 3.0689

 7.6336
 2.2427
 5.0497

 2.0132
 1.9161
 9.3164
 3.8618
 5.0503

 4.9948
12.7768
 6.1757
 5.9966
 4.5317
 4.4692

 7.0293
 2.4890
 5.6129
 3.7211
 2.5534
 1.2225

 4.7133
 8.3500
 2.3112
 5.6445
10.6301

 8.3709
 3.2032
 5.0073
 1.6134
 4.8886

 1.3350
 5.8890
 6.6508
 6.4802
 6.1064
 3.1147

 7.3932
 6.0307
 3.3424
 2.7112
 7.6162
 1.4468

 3.1143
 3.9291
 4.7741
 2.3437
 2.7345
 4.8094
 2.0092
 3.4110

 2.7809
 3.1332
 7.8510
 4.4725
 0.8446
 8.9723

 2.3306
 5.7837
 6.0895
 4.0155
 6.4691
 2.6902
 6.0668

 4.0696
 8.9443
 4.2376
 3.6661
 4.7154
 4.4539
 0.8653

 4.3402
 4.9320
 8.1322
 4.1859
 6.8189
 9.6070
 5.7944

 4.1596
 5.9383
 5.4459
 3.8692
10.3749
 3.8787
 5.9342

 5.8526
 2.4933
 6.9978
 7.9756
 7.4575
 3.9048
 2.5196
 4.7467

 6.3177
 9.4127
 6.1321
 5.7924
 2.6111
 4.1770
 5.1335
11.5913

 1.6556
 6.1066
 9.5989
 2.8047
 0.7072
 2.8298
 5.0458
 1.4463

 5.0212
 2.9589
 5.5369
 1.8283
 7.2582
 2.4014
 2.7385
 1.2326
 3.1758

 6.8131
 2.2510
 8.7711
 2.7001
 3.1387
 4.2144
 5.3461
14.3239

 2.2224
 6.3726
 4.9582
21.1003
 3.7334
 2.3620
 3.1409
 0.6180
 2.9377
 6.9729

 6.5282
 2.7437
 7.7863
 3.3445
 2.8837
 2.2614
 3.2486
 5.2227
 7.9732

 4.3609
 4.7514
 7.8576
 5.9008
 1.9898
 2.0910
 5.9245
 6.0380
 0.6774

 5.1934
 4.7325
 7.4570
 2.0953
 5.8125
 2.9243
 3.9650
 6.6829

 5.3357
 2.3603
 8.6810
 6.2158
 3.0247
 4.7061
 4.3116

 2.6732
 4.0359
 4.1402
 1.6166
 7.3015
 5.3176
 2.6504
 4.5344
 3.5905

 1.5514
 5.2440
 1.4417
 4.6790
 7.1767
 4.0314
10.3718
10.5874
 1.5566

 1.9155
 6.1112
 6.4846
 1.8760
 2.8007
 5.2883
 3.6619

 5.3176
 7.6439
 0.8466
 8.8265
 4.5746
 5.8756
 6.4022
 1.8821

 0.5000
 3.0538
 1.7738
 7.6157
 1.7564
 3.9644

 4.5335
 6.3906
 3.3094
 3.9293
 1.0453

 8.3836
 3.3371
 4.2446
 1.1389
 2.7160
 4.6053
 2.1368
 3.6491
 9.8294

 1.4793
 3.9848
 7.9059
 4.7690
 4.1782
 2.0909
 4.2184
 1.6306

 2.6931
 2.9967
 4.8487
 5.6244
 8.0289
 3.6605
 6.3648
 3.6602
 5.2723

 3.5239
 1.8758
 6.5415
 4.2738
 6.8964
 6.9382
 5.5051

 9.5333
 1.6891
 0.7150
 0.6429
 4.3391
 1.3387

 2.2153
 6.3705
 2.2105
 1.8797

 7.6968
 4.2963
 4.3371
 3.4744
 6.9442

 3.3660
 2.7716
 6.2899
 4.8392
 3.8491
 5.6410

 1.2892
 6.2153
 1.7832

 6.0096
 6.6977
 3.8245
 4.8505
 6.1020

 7.5995
 3.6067
 3.5999
 3.5290
 4.0413

 4.0214
 4.9118
 4.3356
10.6176
 7.0711
 3.8836
 6.7831

 2.4696
 6.8045
 3.5295
 9.6668
 1.5696
 2.9355

 7.2428
 1.1080
 6.4061
 4.0764
 3.2543
 2.4289
 3.5158
 5.6634

 2.5814
 3.3749
 4.4815
 5.9676
11.0363
 3.3624
 1.5038

 5.5588
 5.4644
 2.7419
 5.9909
 2.0315
 3.2520
 5.2470
 5.6490

 3.6529
 3.0146
 3.5678
 6.7578
 3.5299
 3.4543
 3.6389

 1.0961
 4.8334
 4.0809
 1.4358
 8.5419
 0.3662
 2.6834

 4.6197
 3.5342
 1.0444
 0.1895
 4.6965
 2.1590
 3.0679

 3.7896
 3.2805
 6.9763
 4.7563
 7.5094
 4.2414
 2.3306

 2.5996
 2.2292
 5.4312
 6.0641
 1.8894
 6.2369

 3.0804
 3.0948
 4.1518
 9.7855
 6.5713

 6.9764
 7.9732
 8.5468
 4.6731
 2.8731

 8.8404
 4.5547
 2.4432
 3.3407
 9.8060
 4.2427

 6.2243
 6.0824
 2.1531
 4.3543
 1.5888

 5.8961
 5.6548
 7.8633
 5.4720

 2.7985
 4.3980
 5.3652
 4.1231
 9.2647

 3.9063
 6.3246
 2.3939
 3.2343
 0.5786
 3.2577

 5.9631
 3.2585
 9.3467
 6.8496
 2.3388
 1.6324
 5.4109

 4.7160
 1.1562
 2.4026
 4.4610
 7.9083
 5.8302
 2.8271
 6.7822

 0.8769
 2.4486
 5.0579
 2.8809
 5.0727
 8.3504
 3.5975
 2.8882
 5.8410
 3.7006
 3.8121

 3.3536
 4.9866
 5.3707
 4.4826
 7.0029
 9.8159
 5.5098
 4.6667
 6.5248
 5.6641
 2.7911

 8.8260
 3.7690
 7.0728
 3.9505
 4.4582
 8.3624
 4.8340
 4.3315
 4.6162
 4.9584
 8.1063

 4.8283
 5.6579
 5.5026
 7.3075
 1.3017
 1.5152
 5.8632
 6.5000
 7.1355
 0.5693
 3.0473

 9.1180
 4.1738
 2.5000
 4.6118
 4.1174
 2.0198
 0.4820
 4.5741

 4.0082
20.6083
 5.9426
 6.9516
 4.2153
 4.6088
 1.0181
 2.7940

 0.9352
 6.5227
 2.7373
 2.0771
 2.7945
 2.1953
 3.8278
 3.5424

 2.0303
 9.7062
 6.5947
 1.5560
 4.2468
 2.2859
 1.9690
 8.6338
 4.8850

 8.9611
 6.9923
 2.7857
 9.2693
 5.0675
 3.0178
 3.9935

 5.3255
 4.1414
 5.8179
 2.5904
 2.2752
 6.7488
 9.0698
 1.5765

 3.5208
16.3273
 2.6116
 1.8690
 9.2701
12.2212
 5.2305
 4.0117
 2.3106

 9.6445
 1.8994
 2.1641
 8.6477
 4.5616
 3.9683
 5.2916

 8.1952
 3.3534
 2.5325
 0.8769

 4.6830
 5.5381
 6.2532
 3.7972

 2.0816
 6.9264
 6.5403
 7.1660
 7.1969

 4.6236
 5.6971
 1.7218
 8.3252
 1.6380
 4.2284
 6.2810
 7.0067

 0.9280
 8.3496
 1.0093
 1.4851
 3.0415

10.3484
 7.5182
 5.1695
 5.1367
 8.5052
 5.7207
 3.0699

 3.0488
 1.9639
 3.1660
 2.5912
 4.8789
 4.7695
 6.3398
 1.3398
 5.4580

 3.6943
 0.2752
 0.8405
 7.5890
 3.6229
 6.6253
10.6668
 4.4018

 4.3943
 2.8461
 3.1473
 1.1446
 4.6015
 4.1319

 3.6344
 2.0854
 3.4054
 8.7985
 3.7124
 7.6176

 4.6609
 8.1253
 2.9412
 9.0966
 3.8849

 6.2579
 5.0249
 4.0864
10.6500
 1.1091

 4.1436
 4.4266
 3.7623
 5.0764
 2.9789
 6.0572

 5.1086
 2.6940
 5.3939
 4.7875
 1.1763
 2.1657
 2.1554

 7.2452
 3.7043
 4.3314
 8.7534

 2.0613
 5.1345
 6.2756
 7.3333
 9.5086

 4.4648
 7.2374
 3.2366
 2.5059
 1.2019

 0.8745
 2.0495
 1.5959

 2.2092
 1.9732
 7.7507

 3.6098
 9.6273
 1.3293
 5.0785

 5.3027
 2.8488
 1.4792

 4.4632
 6.2314
 5.4104

 1.6373
 3.6074
 1.9806
 2.8065

 2.7834
 3.0976
 4.5526
 4.2854
 4.0212
 4.8032

 8.5283
 8.1804
 1.2759
 9.1037
 1.6878
 6.7675
 7.4233

 4.6660
 1.6426
10.7228
 4.1138
 8.7378
 4.2623
 3.1623
 4.4214

 3.3155
 4.0293
 4.0722
 3.8511
 3.0709
 8.9013
 7.5444
 4.9419

 0.4745
12.2093
 5.3178
11.4398
11.1192
 0.9954

 0.0970
 4.3957
11.0025
 0.7293

 6.1356
 0.7165
 2.8879
 3.3019

 3.2214
 4.9241

 9.0301
 4.7364

 2.0962
 8.1326
 3.7998

 0.4732
 1.9778
 2.4885
 3.1117

 3.7754
 5.8780
 5.2884
 3.0917

 7.3222
 4.3719
 4.5493
 5.7944

 2.5603
 5.0761
11.9613
 5.6413
 9.9985
 2.6545

 3.4154
 3.3932
 6.0358
 7.3829
 6.2896

 5.3251
 5.9283
 6.5678
 1.3055

 2.9453
 4.7398
 4.4165
 8.4822
 7.1400
 5.1130

 3.4158
 1.8234
 6.0072
 3.5615
 5.9820

 7.1299
 4.4820
 2.8550

 5.0806
 4.6612
 8.4689

 2.1859
 7.3942
 3.9768
 0.4979

 0.4850
 2.4702
 4.2264

 6.7397
 2.0801

 4.9434
 4.2159
 9.2699

 3.6105
 5.6487
 7.2370
 3.9670

 6.3305
 5.1437

 3.1438
 6.5765

 2.8950

 2.9273

 4.7073
 8.2576
 4.8838
 3.6143

 0.5702
 4.6361
 3.9051
 6.8874

